Model Layer 1 2 3 4 5         Learning rate Momentum $\rho$ Updates Final loss Validation loss
   23       9 9 9 9 9 Lin(0.001,0.0001,250)      0.5           5000     2.3436          2.3417
   55       9 9 9 9 9                  0.01      0.5    0.5      21     2.4309          2.3806
  132       9 9 9                      0.01      0.5    0.5      31     2.3154           2.389
   83       9 9 9 9 9                  0.01      0.5    0.5       7     2.4764          2.3932
   20       9 9 9                      0.01      0.5    0.5      44     2.3646          2.3997
   46       9 9 9                    0.0001      0.5    0.5     501     2.3481          2.4088
   97       9 9                        0.01      0.5    0.5      50     2.3288          2.4094
  125       9 9                        0.01      0.5    0.5      76     2.3014            2.41
   26       9 9 9 9 9                 0.001      0.5    0.5      72     2.3547          2.4109
  104       9 9 9                      0.01      0.5    0.5      56     2.3986          2.4203