Model Layer 1 2 3 4 5 Learning rate Momentum $\rho$ Updates Final loss Training loss
    0       9                0.0001      0.5    0.5     813    53.5205       80.9086
    1       9                 0.001      0.5    0.5     549     2.7279        2.8338
    2       9                  0.01      0.5    0.5    1822     6.5663        3.6767
    3       9 9              0.0001      0.5    0.5      10   202.1738      173.4879
    4       9 9               0.001      0.5    0.5     485     3.5769        3.0397
    5       9 9                0.01      0.5    0.5      71    15.6308        2.8315
    6       9 9 9            0.0001      0.5    0.5    1220     2.7218        2.8173
    7       9 9 9             0.001      0.5    0.5    1755     5.3944         3.373
    8       9 9 9              0.01      0.5    0.5     126     2.6848         2.791
    9       9 9 9 9 9        0.0001      0.5    0.5    1227     2.7573        3.0657
   10       9 9 9 9 9         0.001      0.5    0.5     171     2.6912        2.8174
   11       9 9 9 9 9          0.01      0.5    0.5      15     2.8085        2.7394
   12       9                0.0001      0.5    0.5     410    341.422     3282.4429
   13       9                 0.001      0.5    0.5    1633     2.8678        5.5192
   14       9                  0.01      0.5    0.5     188     4.8432        2.8137
   15       9 9              0.0001      0.5    0.5    3500     2.8065        2.8803
   16       9 9               0.001      0.5    0.5     998     2.7324        3.4705
   17       9 9                0.01      0.5    0.5      93     2.6471         2.782
   18       9 9 9            0.0001      0.5    0.5       4    74.8375       79.8451
   19       9 9 9             0.001      0.5    0.5     255     2.7936        2.8401
   20       9 9 9              0.01      0.5    0.5      66     2.7359        2.7771
   21       9 9 9 9 9        0.0001      0.5    0.5    1402       2.71        2.8017
   22       9 9 9 9 9         0.001      0.5    0.5     380     2.6162        2.8629
   23       9 9 9 9 9          0.01      0.5    0.5      25     2.7739        2.7865
   24       9                0.0001      0.5    0.5     909     8.3073       40.8864
   25       9                 0.001      0.5    0.5    1306     2.9038       34.0588
   26       9                  0.01      0.5    0.5     313     2.7009        2.7941
   27       9 9              0.0001      0.5    0.5    2746     2.7291        2.8183
   28       9 9               0.001      0.5    0.5     447     2.6785        2.9034
   29       9 9                0.01      0.5    0.5      76      2.709        2.7965
   30       9 9 9            0.0001      0.5    0.5    1083     6.4105        9.5964
   31       9 9 9             0.001      0.5    0.5    1250     2.8919        3.0269
   32       9 9 9              0.01      0.5    0.5      72     2.6498        2.7956
   33       9 9 9 9 9        0.0001      0.5    0.5    2110     2.6798        2.8031
   34       9 9 9 9 9         0.001      0.5    0.5     565  2831.0604        3.7367
   35       9 9 9 9 9          0.01      0.5    0.5      41     2.7548        2.7721
   36       9                0.0001      0.5    0.5      13   438.8464      908.3258
   37       9                 0.001      0.5    0.5    1407     2.9981        2.9794
   38       9                  0.01      0.5    0.5     212   228.4327        3.7733
   39       9 9              0.0001      0.5    0.5    1370     2.7554        2.8399
   40       9 9               0.001      0.5    0.5     759     2.6469        2.9123
   41       9 9                0.01      0.5    0.5      42     5.4773        2.8266
   42       9 9 9            0.0001      0.5    0.5    2273     2.6765        3.0152
   43       9 9 9             0.001      0.5    0.5     352     2.7207        2.9456
   44       9 9 9              0.01      0.5    0.5      59   286.0941        2.7626
   45       9 9 9 9 9        0.0001      0.5    0.5    1306    72.2682      177.2897
   46       9 9 9 9 9         0.001      0.5    0.5     259      2.725        2.8893
   47       9 9 9 9 9          0.01      0.5    0.5      49     2.6997        2.7474
   48       9                0.0001      0.5    0.5      92   181.1634      250.6937
   49       9                 0.001      0.5    0.5     236     2.7205        2.7916
   50       9                  0.01      0.5    0.5     468     2.7182        2.9041
   51       9 9              0.0001      0.5    0.5    2338     3.1158        5.2267
   52       9 9               0.001      0.5    0.5     857      2.768        3.3315
   53       9 9                0.01      0.5    0.5     320     2.6084        2.8086
   54       9 9 9            0.0001      0.5    0.5     448    41.2617        55.606
   55       9 9 9             0.001      0.5    0.5      36    62.3429       49.6009
   56       9 9 9              0.01      0.5    0.5      27     2.7706         2.762
   57       9 9 9 9 9        0.0001      0.5    0.5     928     2.7963        2.9699
   58       9 9 9 9 9         0.001      0.5    0.5    1036     2.6808        3.1992
   59       9 9 9 9 9          0.01      0.5    0.5     108     2.6908        2.7078
   60       9                0.0001      0.5    0.5       9    57.1264       56.6004
   61       9                 0.001      0.5    0.5      56    48.4341        8.1713
   62       9                  0.01      0.5    0.5     425     2.6666        2.8281
   63       9 9              0.0001      0.5    0.5     549    13.9124       24.8649
   64       9 9               0.001      0.5    0.5     287     2.7369        2.8988
   65       9 9                0.01      0.5    0.5     204     2.6351        2.7802
   66       9 9 9            0.0001      0.5    0.5     321    157.513      345.9556
   67       9 9 9             0.001      0.5    0.5    1852      2.951        2.9424
   68       9 9 9              0.01      0.5    0.5     222     6.1807        5.5062
   69       9 9 9 9 9        0.0001      0.5    0.5    1659     2.7146        2.9167
   70       9 9 9 9 9         0.001      0.5    0.5     141     2.7214          2.78
   71       9 9 9 9 9          0.01      0.5    0.5     158     2.7001        4.6685
   72       9                0.0001      0.5    0.5     124    62.9162       49.7282
   73       9                 0.001      0.5    0.5     170    13.7553        30.443
   74       9                  0.01      0.5    0.5     204     2.8109        8.0716
   75       9 9              0.0001      0.5    0.5    1040    67.5236      570.5474
   76       9 9               0.001      0.5    0.5    2491     2.7003        2.9355
   77       9 9                0.01      0.5    0.5      52     3.7151        2.7713
   78       9 9 9            0.0001      0.5    0.5    2031     2.6796        2.8424
   79       9 9 9             0.001      0.5    0.5     195     2.7188        2.8613
   80       9 9 9              0.01      0.5    0.5      40     2.7852        2.8279
   81       9 9 9 9 9        0.0001      0.5    0.5    2055     2.7962        3.4636
   82       9 9 9 9 9         0.001      0.5    0.5     270     2.7312         2.867
   83       9 9 9 9 9          0.01      0.5    0.5      35      2.778        2.7801
   84       9                0.0001      0.5    0.5    4341     2.6853        2.8887
   85       9                 0.001      0.5    0.5    1152     13.767       105.199
   86       9                  0.01      0.5    0.5     637     2.6344        2.9533
   87       9 9              0.0001      0.5    0.5     280    40.1101      162.2239
   88       9 9               0.001      0.5    0.5     128     2.7237        2.8544
   89       9 9                0.01      0.5    0.5      10     2.8743        2.9943
   90       9 9 9            0.0001      0.5    0.5    2666     3.4451        3.6136
   91       9 9 9             0.001      0.5    0.5    1468      2.876        3.3442
   92       9 9 9              0.01      0.5    0.5     283     2.6585         2.851
   93       9 9 9 9 9        0.0001      0.5    0.5    1283     2.7416        2.8429
   94       9 9 9 9 9         0.001      0.5    0.5      92     2.7959        2.9408
   95       9 9 9 9 9          0.01      0.5    0.5      48     2.9715        3.3534
   96       9                0.0001      0.5    0.5     245   149.3682       662.868
   97       9                 0.001      0.5    0.5     657     2.8694        2.8799
   98       9                  0.01      0.5    0.5     519   225.6658        4.1198
   99       9 9              0.0001      0.5    0.5    2427     2.9948        3.4291
  100       9 9               0.001      0.5    0.5     170     2.7491        2.8851
  101       9 9                0.01      0.5    0.5     284      2.643         2.897
  102       9 9 9            0.0001      0.5    0.5     964      3.601        2.9017
  103       9 9 9             0.001      0.5    0.5     111      2.829        2.8938
  104       9 9 9              0.01      0.5    0.5     144      2.604        2.7681
  105       9 9 9 9 9        0.0001      0.5    0.5    1773      2.693        2.8749
  106       9 9 9 9 9         0.001      0.5    0.5     968   228.2206         3.587
  107       9 9 9 9 9          0.01      0.5    0.5      15     2.7907         2.773
  108       9                0.0001      0.5    0.5   10000     4.2088        4.9615
  109       9                 0.001      0.5    0.5     140   389.7049       33.5082
  110       9                  0.01      0.5    0.5     170     2.7071        2.8919
  111       9 9              0.0001      0.5    0.5    4054     2.7232        2.8478
  112       9 9               0.001      0.5    0.5     315     2.7838        2.9824
  113       9 9                0.01      0.5    0.5      43      2.738        2.7887
  114       9 9 9            0.0001      0.5    0.5    2961     2.8404        2.9279
  115       9 9 9             0.001      0.5    0.5     130    14.8204        6.1138
  116       9 9 9              0.01      0.5    0.5     175     2.7093        2.8396
  117       9 9 9 9 9        0.0001      0.5    0.5    2015     2.8103        2.8944
  118       9 9 9 9 9         0.001      0.5    0.5    1024      9.938        6.1096
  119       9 9 9 9 9          0.01      0.5    0.5      46     2.7683        2.8249