Model Layer 1 2 3 4 5 Learning rate Momentum $\rho$ Updates Final loss Training loss
    0       9                0.0001      0.5    0.5      10     4.0242        4.0264
    1       9                0.0001      0.5    0.9      10     3.1966        3.1982
    2       9                 0.001      0.5    0.5      10     2.5857        2.5869
    3       9                 0.001      0.5    0.9      10     2.7998        2.7939
    4       9                  0.01      0.5    0.5       7     2.4918        2.4707
    5       9                  0.01      0.5    0.9       2     2.3605        2.2026
    6       9                0.0001      0.9    0.5       1     2.1692        2.1692
    7       9                0.0001      0.9    0.9       1     2.2452        2.2453
    8       9                 0.001      0.9    0.5      10     2.3805         2.447
    9       9                 0.001      0.9    0.9       7     2.3287        2.3498
   10       9                  0.01      0.9    0.5       1     2.5256        2.5265
   11       9                  0.01      0.9    0.9       4     2.3336        1.7984
   12       9 9              0.0001      0.5    0.5      10      2.575        2.5881
   13       9 9              0.0001      0.5    0.9      10     2.6644        2.6684
   14       9 9               0.001      0.5    0.5      10     3.0877         3.108
   15       9 9               0.001      0.5    0.9       1     2.2292        2.2518
   16       9 9                0.01      0.5    0.5       8     2.5126         2.193
   17       9 9                0.01      0.5    0.9       1     2.1726        2.1601
   18       9 9              0.0001      0.9    0.5      10     2.6972        2.7118
   19       9 9              0.0001      0.9    0.9       1     -0.569        -0.569
   20       9 9               0.001      0.9    0.5      10     2.3936         2.356
   21       9 9               0.001      0.9    0.9       9     2.5099        2.5213
   22       9 9                0.01      0.9    0.5       4     2.3404        2.2975
   23       9 9                0.01      0.9    0.9       7     2.5343        2.3834
   24       9 9 9            0.0001      0.5    0.5      10     3.1577         3.158
   25       9 9 9            0.0001      0.5    0.9       1     2.5026        2.5044
   26       9 9 9             0.001      0.5    0.5      10     2.4884        2.4819
   27       9 9 9             0.001      0.5    0.9       1     2.4242        2.4232
   28       9 9 9              0.01      0.5    0.5       1     2.5666        2.5735
   29       9 9 9              0.01      0.5    0.9      10     2.3782        2.4386
   30       9 9 9            0.0001      0.9    0.5       1     2.6241        2.6244
   31       9 9 9            0.0001      0.9    0.9       1     2.5343        2.5328
   32       9 9 9             0.001      0.9    0.5      10     2.3805        2.4184
   33       9 9 9             0.001      0.9    0.9       1     2.4399        2.4397
   34       9 9 9              0.01      0.9    0.5       1     0.6571        0.6477
   35       9 9 9              0.01      0.9    0.9       9     2.5658        2.1083
   36       9 9 9 9 9        0.0001      0.5    0.5      10     2.6999        2.6995
   37       9 9 9 9 9        0.0001      0.5    0.9      10     2.6381        2.6465
   38       9 9 9 9 9         0.001      0.5    0.5       1     2.5026        2.5037
   39       9 9 9 9 9         0.001      0.5    0.9      10     2.5719        2.5663
   40       9 9 9 9 9          0.01      0.5    0.5       7     2.4228        2.4763
   41       9 9 9 9 9          0.01      0.5    0.9       7     2.4721        2.4009
   42       9 9 9 9 9        0.0001      0.9    0.5      10     2.6127        2.6144
   43       9 9 9 9 9        0.0001      0.9    0.9      10      3.905        3.9034
   44       9 9 9 9 9         0.001      0.9    0.5       9     2.4261        2.4388
   45       9 9 9 9 9         0.001      0.9    0.9       1     2.1817        2.1826
   46       9 9 9 9 9          0.01      0.9    0.5       2     2.1783        2.1378
   47       9 9 9 9 9          0.01      0.9    0.9       3     2.3478        2.3106