Model Layer 1 2 3 4 5 Learning rate Momentum $\rho$ Updates Final loss Training loss
    0       9                 0.001      0.5    0.5      56     3.3012        3.3894
    1       9                  0.01      0.5    0.5      40     2.7517        2.8458
    2       9 9               0.001      0.5    0.5      89     2.7496        2.8484
    3       9 9                0.01      0.5    0.5     241      2.591        2.8042
    4       9 9 9             0.001      0.5    0.5      32     2.8093        2.8642
    5       9 9 9              0.01      0.5    0.5      43     2.7895        2.8631
    6       9 9 9 9 9         0.001      0.5    0.5      88      2.741        2.8347
    7       9 9 9 9 9          0.01      0.5    0.5     266     2.5424        2.8584
    8       9                 0.001      0.5    0.5     280     2.8201        2.8817
    9       9                  0.01      0.5    0.5     499     2.6364        2.9491
   10       9 9               0.001      0.5    0.5     380     2.7081        2.9356
   11       9 9                0.01      0.5    0.5      51     2.7333        2.8273
   12       9 9 9             0.001      0.5    0.5     207     2.6839        2.8312
   13       9 9 9              0.01      0.5    0.5       9     2.8484        2.8319
   14       9 9 9 9 9         0.001      0.5    0.5     373     2.7648        3.2052
   15       9 9 9 9 9          0.01      0.5    0.5      14     2.8073        2.7909
   16       9                 0.001      0.5    0.5     322     2.8399        2.8973
   17       9                  0.01      0.5    0.5      26     2.7219        2.7935
   18       9 9               0.001      0.5    0.5     144     2.7485        2.8917
   19       9 9                0.01      0.5    0.5     141     2.7134        2.7951
   20       9 9 9             0.001      0.5    0.5     152     2.7819        2.8578
   21       9 9 9              0.01      0.5    0.5     124     2.6735        2.9355
   22       9 9 9 9 9         0.001      0.5    0.5       1     2.9595        2.9609
   23       9 9 9 9 9          0.01      0.5    0.5       1     2.8415        2.8432
   24       9                 0.001      0.5    0.5     135     2.7832        2.8817
   25       9                  0.01      0.5    0.5      56      2.761        2.8018
   26       9 9               0.001      0.5    0.5     701     2.6593        2.8205
   27       9 9                0.01      0.5    0.5      26     2.7237        2.7968
   28       9 9 9             0.001      0.5    0.5     166       2.73        2.8327
   29       9 9 9              0.01      0.5    0.5      23      2.816        2.8701
   30       9 9 9 9 9         0.001      0.5    0.5      15     2.7843        2.8576
   31       9 9 9 9 9          0.01      0.5    0.5      40     2.7701        2.8123
   32       9                 0.001      0.5    0.5     644     2.6732        3.0285
   33       9                  0.01      0.5    0.5     313     2.7356        2.8168
   34       9 9               0.001      0.5    0.5      45     2.9498        3.0009
   35       9 9                0.01      0.5    0.5      13     2.7497        2.9213
   36       9 9 9             0.001      0.5    0.5      93     2.7518        2.9119
   37       9 9 9              0.01      0.5    0.5      22       2.72         2.782
   38       9 9 9 9 9         0.001      0.5    0.5     296     2.6536        2.8839
   39       9 9 9 9 9          0.01      0.5    0.5      67     2.7891        2.8295
   40       9                 0.001      0.5    0.5     110     2.7844        2.9029
   41       9                  0.01      0.5    0.5     350     2.6483        2.7893
   42       9 9               0.001      0.5    0.5     262      2.724        2.8369
   43       9 9                0.01      0.5    0.5     134     2.7479        2.8286
   44       9 9 9             0.001      0.5    0.5     182     2.7049        2.8421
   45       9 9 9              0.01      0.5    0.5     186      2.698        2.8308
   46       9 9 9 9 9         0.001      0.5    0.5     732     2.7008         2.822
   47       9 9 9 9 9          0.01      0.5    0.5     470     2.5863        2.8013
   48       9                 0.001      0.5    0.5    2073     2.6588        5.3837
   49       9                  0.01      0.5    0.5      31     2.7738        2.8111
   50       9 9               0.001      0.5    0.5     159     2.7767        2.9373
   51       9 9                0.01      0.5    0.5     230     2.6342        2.9825
   52       9 9 9             0.001      0.5    0.5     262     2.8406        2.9617
   53       9 9 9              0.01      0.5    0.5      22     2.6855         2.795
   54       9 9 9 9 9         0.001      0.5    0.5      86     2.7797        2.9737
   55       9 9 9 9 9          0.01      0.5    0.5     200     2.6808        2.8053
   56       9                 0.001      0.5    0.5     327     2.8062        3.5686
   57       9                  0.01      0.5    0.5     130     2.7153        2.8447
   58       9 9               0.001      0.5    0.5      75     2.8076        2.9017
   59       9 9                0.01      0.5    0.5      32      2.721        2.8124
   60       9 9 9             0.001      0.5    0.5     291      2.739        2.8775
   61       9 9 9              0.01      0.5    0.5      12     2.7866        2.8403
   62       9 9 9 9 9         0.001      0.5    0.5     151     2.6993        2.9944
   63       9 9 9 9 9          0.01      0.5    0.5      26     2.7541        2.8077
   64       9                 0.001      0.5    0.5     123     2.7475        2.9006
   65       9                  0.01      0.5    0.5     395     2.6333        2.8632
   66       9 9               0.001      0.5    0.5     106     2.8041        2.8906
   67       9 9                0.01      0.5    0.5      36     2.7671        2.7977
   68       9 9 9             0.001      0.5    0.5     128     2.7864        2.9214
   69       9 9 9              0.01      0.5    0.5      35     2.7259        2.9437
   70       9 9 9 9 9         0.001      0.5    0.5      10     2.7938        2.8162
   71       9 9 9 9 9          0.01      0.5    0.5     376     2.7084        2.9141
   72       9                 0.001      0.5    0.5     237     2.7795        3.0159
   73       9                  0.01      0.5    0.5      99     2.7289        2.8502
   74       9 9               0.001      0.5    0.5      94      2.778        2.8524
   75       9 9                0.01      0.5    0.5     196     2.6407        2.8731
   76       9 9 9             0.001      0.5    0.5     297     2.6784        3.4803
   77       9 9 9              0.01      0.5    0.5     247     2.7075        2.8078
   78       9 9 9 9 9         0.001      0.5    0.5      86     2.8392        2.8853
   79       9 9 9 9 9          0.01      0.5    0.5     259     2.6017        2.8572